@ Find (1,0) (1,9) (0,1) (0,0) (0,0) (1024,19)
@ Find (1,0) (1,9) (1,1) (0,0) (0,0) (67602,19)
@ Find (1,0) (1,9) (1,1) (0,0) (0,0) (69649,19)
@ Find (1,0) (1,9) (1,1) (0,0) (0,0) (19,19)
@ Find (1,0) (1,9) (0,1) (0,0) (0,0) (18,19)
@ Find (1,0) (1,9) (0,1) (0,0) (0,0) (144,19)
@ Find (1,0) (1,9) (1,1) (0,0) (0,0) (17,19)
@ Find (1,0) (1,9) (1,1) (0,0) (0,0) (80,19)
@ Find (2,0) (1,9) (0,1) (1,0) (9,0) (0,19)
@ Find (3,0) (1,9) (0,1) (1,0) (9,0) (0,19)
@ Find (4,0) (1,9) (0,1) (1,0) (9,0) (0,19)
@ Find (2,0) (1,9) (0,1) (13,0) (9,0) (0,19)
@ Find (2,0) (1,9) (0,1) (1,0) (21,0) (0,19)
@ Find (5,0) (1,9) (0,1) (1,0) (21,0) (0,19)
@ Find (5,0) (1,9) (0,1) (13,0) (21,0) (0,19)
@ Find (5,0) (1,9) (0,1) (1,0) (9,0) (0,19)
@ Find (1,0) (2,9) (0,1) (0,0) (0,0) (1024,19)
@ Find (1,0) (2,9) (2,1) (0,0) (0,0) (67602,19)
@ Find (1,0) (2,9) (2,1) (0,0) (0,0) (69649,19)
@ Find (1,0) (2,9) (2,1) (0,0) (0,0) (19,19)
@ Find (1,0) (2,9) (0,1) (0,0) (0,0) (18,19)
@ Find (1,0) (2,9) (0,1) (0,0) (0,0) (144,19)
@ Find (1,0) (2,9) (2,1) (0,0) (0,0) (17,19)
@ Find (1,0) (2,9) (2,1) (0,0) (0,0) (80,19)
@ Find (2,0) (2,9) (0,1) (2,0) (9,0) (0,19)
@ Find (3,0) (2,9) (0,1) (2,0) (9,0) (0,19)
@ Find (4,0) (2,9) (0,1) (2,0) (9,0) (0,19)
@ Find (2,0) (2,9) (0,1) (14,0) (9,0) (0,19)
@ Find (2,0) (2,9) (0,1) (2,0) (21,0) (0,19)
@ Find (5,0) (2,9) (0,1) (2,0) (21,0) (0,19)
@ Find (5,0) (2,9) (0,1) (14,0) (21,0) (0,19)
@ Find (5,0) (2,9) (0,1) (2,0) (9,0) (0,19)
@ Find (1,0) (3,9) (0,1) (0,0) (0,0) (1024,19)
@ Find (1,0) (3,9) (3,1) (0,0) (0,0) (67602,19)
@ Find (1,0) (3,9) (3,1) (0,0) (0,0) (69649,19)
@ Find (1,0) (3,9) (3,1) (0,0) (0,0) (19,19)
@ Find (1,0) (3,9) (0,1) (0,0) (0,0) (18,19)
@ Find (1,0) (3,9) (0,1) (0,0) (0,0) (144,19)
@ Find (1,0) (3,9) (3,1) (0,0) (0,0) (17,19)
@ Find (1,0) (3,9) (3,1) (0,0) (0,0) (80,19)
@ Find (2,0) (3,9) (0,1) (3,0) (9,0) (0,19)
@ Find (3,0) (3,9) (0,1) (3,0) (9,0) (0,19)
@ Find (4,0) (3,9) (0,1) (3,0) (9,0) (0,19)
@ Find (2,0) (3,9) (0,1) (15,0) (9,0) (0,19)
@ Find (2,0) (3,9) (0,1) (3,0) (21,0) (0,19)
@ Find (5,0) (3,9) (0,1) (3,0) (21,0) (0,19)
@ Find (5,0) (3,9) (0,1) (15,0) (21,0) (0,19)
@ Find (5,0) (3,9) (0,1) (3,0) (9,0) (0,19)
@ Find (1,0) (4,9) (0,1) (0,0) (0,0) (1024,19)
@ Find (1,0) (4,9) (4,1) (0,0) (0,0) (67602,19)
@ Find (1,0) (4,9) (4,1) (0,0) (0,0) (69649,19)
@ Find (1,0) (4,9) (4,1) (0,0) (0,0) (19,19)
@ Find (1,0) (4,9) (0,1) (0,0) (0,0) (18,19)
@ Find (1,0) (4,9) (0,1) (0,0) (0,0) (144,19)
@ Find (1,0) (4,9) (4,1) (0,0) (0,0) (17,19)
@ Find (1,0) (4,9) (4,1) (0,0) (0,0) (80,19)
@ Find (2,0) (4,9) (0,1) (4,0) (9,0) (0,19)
@ Find (3,0) (4,9) (0,1) (4,0) (9,0) (0,19)
@ Find (4,0) (4,9) (0,1) (4,0) (9,0) (0,19)
@ Find (2,0) (4,9) (0,1) (16,0) (9,0) (0,19)
@ Find (2,0) (4,9) (0,1) (4,0) (21,0) (0,19)
@ Find (5,0) (4,9) (0,1) (4,0) (21,0) (0,19)
@ Find (5,0) (4,9) (0,1) (16,0) (21,0) (0,19)
@ Find (5,0) (4,9) (0,1) (4,0) (9,0) (0,19)
@ Find (1,0) (5,9) (0,1) (0,0) (0,0) (1024,19)
@ Find (1,0) (5,9) (5,1) (0,0) (0,0) (67602,19)
@ Find (1,0) (5,9) (5,1) (0,0) (0,0) (69649,19)
@ Find (1,0) (5,9) (5,1) (0,0) (0,0) (19,19)
@ Find (1,0) (5,9) (0,1) (0,0) (0,0) (18,19)
@ Find (1,0) (5,9) (0,1) (0,0) (0,0) (144,19)
@ Find (1,0) (5,9) (5,1) (0,0) (0,0) (17,19)
@ Find (1,0) (5,9) (5,1) (0,0) (0,0) (80,19)
@ Find (2,0) (5,9) (0,1) (5,0) (9,0) (0,19)
@ Find (3,0) (5,9) (0,1) (5,0) (9,0) (0,19)
@ Find (4,0) (5,9) (0,1) (5,0) (9,0) (0,19)
@ Find (2,0) (5,9) (0,1) (17,0) (9,0) (0,19)
@ Find (2,0) (5,9) (0,1) (5,0) (21,0) (0,19)
@ Find (5,0) (5,9) (0,1) (5,0) (21,0) (0,19)
@ Find (5,0) (5,9) (0,1) (17,0) (21,0) (0,19)
@ Find (5,0) (5,9) (0,1) (5,0) (9,0) (0,19)
@ Find (1,0) (6,9) (0,1) (0,0) (0,0) (1024,19)
@ Find (1,0) (6,9) (6,1) (0,0) (0,0) (67602,19)
@ Find (1,0) (6,9) (6,1) (0,0) (0,0) (69649,19)
@ Find (1,0) (6,9) (6,1) (0,0) (0,0) (19,19)
@ Find (1,0) (6,9) (0,1) (0,0) (0,0) (18,19)
@ Find (1,0) (6,9) (0,1) (0,0) (0,0) (144,19)
@ Find (1,0) (6,9) (6,1) (0,0) (0,0) (17,19)
@ Find (1,0) (6,9) (6,1) (0,0) (0,0) (80,19)
@ Find (2,0) (6,9) (0,1) (6,0) (9,0) (0,19)
@ Find (3,0) (6,9) (0,1) (6,0) (9,0) (0,19)
@ Find (4,0) (6,9) (0,1) (6,0) (9,0) (0,19)
@ Find (2,0) (6,9) (0,1) (18,0) (9,0) (0,19)
@ Find (2,0) (6,9) (0,1) (6,0) (21,0) (0,19)
@ Find (5,0) (6,9) (0,1) (6,0) (21,0) (0,19)
@ Find (5,0) (6,9) (0,1) (18,0) (21,0) (0,19)
@ Find (5,0) (6,9) (0,1) (6,0) (9,0) (0,19)
@ Find (1,0) (7,9) (0,1) (0,0) (0,0) (1024,19)
@ Find (1,0) (7,9) (7,1) (0,0) (0,0) (67602,19)
@ Find (1,0) (7,9) (7,1) (0,0) (0,0) (69649,19)
@ Find (1,0) (7,9) (7,1) (0,0) (0,0) (19,19)
@ Find (1,0) (7,9) (0,1) (0,0) (0,0) (18,19)
@ Find (1,0) (7,9) (0,1) (0,0) (0,0) (144,19)
@ Find (1,0) (7,9) (7,1) (0,0) (0,0) (17,19)
@ Find (1,0) (7,9) (7,1) (0,0) (0,0) (80,19)
@ Find (2,0) (7,9) (0,1) (7,0) (9,0) (0,19)
@ Find (3,0) (7,9) (0,1) (7,0) (9,0) (0,19)
@ Find (4,0) (7,9) (0,1) (7,0) (9,0) (0,19)
@ Find (2,0) (7,9) (0,1) (19,0) (9,0) (0,19)
@ Find (2,0) (7,9) (0,1) (7,0) (21,0) (0,19)
@ Find (5,0) (7,9) (0,1) (7,0) (21,0) (0,19)
@ Find (5,0) (7,9) (0,1) (19,0) (21,0) (0,19)
@ Find (5,0) (7,9) (0,1) (7,0) (9,0) (0,19)
@ Find (1,0) (8,9) (0,1) (0,0) (0,0) (1024,19)
@ Find (1,0) (8,9) (8,1) (0,0) (0,0) (67602,19)
@ Find (1,0) (8,9) (8,1) (0,0) (0,0) (69649,19)
@ Find (1,0) (8,9) (8,1) (0,0) (0,0) (19,19)
@ Find (1,0) (8,9) (0,1) (0,0) (0,0) (18,19)
@ Find (1,0) (8,9) (0,1) (0,0) (0,0) (144,19)
@ Find (1,0) (8,9) (8,1) (0,0) (0,0) (17,19)
@ Find (1,0) (8,9) (8,1) (0,0) (0,0) (80,19)
@ Find (2,0) (8,9) (0,1) (8,0) (9,0) (0,19)
@ Find (3,0) (8,9) (0,1) (8,0) (9,0) (0,19)
@ Find (4,0) (8,9) (0,1) (8,0) (9,0) (0,19)
@ Find (2,0) (8,9) (0,1) (20,0) (9,0) (0,19)
@ Find (2,0) (8,9) (0,1) (8,0) (21,0) (0,19)
@ Find (5,0) (8,9) (0,1) (8,0) (21,0) (0,19)
@ Find (5,0) (8,9) (0,1) (20,0) (21,0) (0,19)
@ Find (5,0) (8,9) (0,1) (8,0) (9,0) (0,19)
@ Find (1,0) (9,9) (0,1) (0,0) (0,0) (1024,19)
@ Find (1,0) (9,9) (1,1) (0,0) (0,0) (67602,19)
@ Find (1,0) (9,9) (1,1) (0,0) (0,0) (69649,19)
@ Find (1,0) (9,9) (1,1) (0,0) (0,0) (19,19)
@ Find (1,0) (9,9) (0,1) (0,0) (0,0) (18,19)
@ Find (1,0) (9,9) (0,1) (0,0) (0,0) (144,19)
@ Find (1,0) (9,9) (1,1) (0,0) (0,0) (17,19)
@ Find (1,0) (9,9) (1,1) (0,0) (0,0) (80,19)
@ Find (2,0) (9,9) (0,1) (1,0) (9,0) (0,19)
@ Find (3,0) (9,9) (0,1) (1,0) (9,0) (0,19)
@ Find (4,0) (9,9) (0,1) (1,0) (9,0) (0,19)
@ Find (2,0) (9,9) (0,1) (13,0) (9,0) (0,19)
@ Find (2,0) (9,9) (0,1) (1,0) (21,0) (0,19)
@ Find (5,0) (9,9) (0,1) (1,0) (21,0) (0,19)
@ Find (5,0) (9,9) (0,1) (13,0) (21,0) (0,19)
@ Find (5,0) (9,9) (0,1) (1,0) (9,0) (0,19)
@ Find (1,0) (9,9) (0,1) (0,0) (0,0) (1024,19)
@ Find (1,0) (9,9) (2,1) (0,0) (0,0) (67602,19)
@ Find (1,0) (9,9) (2,1) (0,0) (0,0) (69649,19)
@ Find (1,0) (9,9) (2,1) (0,0) (0,0) (19,19)
@ Find (1,0) (9,9) (0,1) (0,0) (0,0) (18,19)
@ Find (1,0) (9,9) (0,1) (0,0) (0,0) (144,19)
@ Find (1,0) (9,9) (2,1) (0,0) (0,0) (17,19)
@ Find (1,0) (9,9) (2,1) (0,0) (0,0) (80,19)
@ Find (2,0) (9,9) (0,1) (2,0) (9,0) (0,19)
@ Find (3,0) (9,9) (0,1) (2,0) (9,0) (0,19)
@ Find (4,0) (9,9) (0,1) (2,0) (9,0) (0,19)
@ Find (2,0) (9,9) (0,1) (14,0) (9,0) (0,19)
@ Find (2,0) (9,9) (0,1) (2,0) (21,0) (0,19)
@ Find (5,0) (9,9) (0,1) (2,0) (21,0) (0,19)
@ Find (5,0) (9,9) (0,1) (14,0) (21,0) (0,19)
@ Find (5,0) (9,9) (0,1) (2,0) (9,0) (0,19)
@ Find (1,0) (9,9) (0,1) (0,0) (0,0) (1024,19)
@ Find (1,0) (9,9) (3,1) (0,0) (0,0) (67602,19)
@ Find (1,0) (9,9) (3,1) (0,0) (0,0) (69649,19)
@ Find (1,0) (9,9) (3,1) (0,0) (0,0) (19,19)
@ Find (1,0) (9,9) (0,1) (0,0) (0,0) (18,19)
@ Find (1,0) (9,9) (0,1) (0,0) (0,0) (144,19)
@ Find (1,0) (9,9) (3,1) (0,0) (0,0) (17,19)
@ Find (1,0) (9,9) (3,1) (0,0) (0,0) (80,19)
@ Find (2,0) (9,9) (0,1) (3,0) (9,0) (0,19)
@ Find (3,0) (9,9) (0,1) (3,0) (9,0) (0,19)
@ Find (4,0) (9,9) (0,1) (3,0) (9,0) (0,19)
@ Find (2,0) (9,9) (0,1) (15,0) (9,0) (0,19)
@ Find (2,0) (9,9) (0,1) (3,0) (21,0) (0,19)
@ Find (5,0) (9,9) (0,1) (3,0) (21,0) (0,19)
@ Find (5,0) (9,9) (0,1) (15,0) (21,0) (0,19)
@ Find (5,0) (9,9) (0,1) (3,0) (9,0) (0,19)
@ Find (1,0) (9,9) (0,1) (0,0) (0,0) (1024,19)
@ Find (1,0) (9,9) (4,1) (0,0) (0,0) (67602,19)
@ Find (1,0) (9,9) (4,1) (0,0) (0,0) (69649,19)
@ Find (1,0) (9,9) (4,1) (0,0) (0,0) (19,19)
@ Find (1,0) (9,9) (0,1) (0,0) (0,0) (18,19)
@ Find (1,0) (9,9) (0,1) (0,0) (0,0) (144,19)
@ Find (1,0) (9,9) (4,1) (0,0) (0,0) (17,19)
@ Find (1,0) (9,9) (4,1) (0,0) (0,0) (80,19)
@ Find (2,0) (9,9) (0,1) (4,0) (9,0) (0,19)
@ Find (3,0) (9,9) (0,1) (4,0) (9,0) (0,19)
@ Find (4,0) (9,9) (0,1) (4,0) (9,0) (0,19)
@ Find (2,0) (9,9) (0,1) (16,0) (9,0) (0,19)
@ Find (2,0) (9,9) (0,1) (4,0) (21,0) (0,19)
@ Find (5,0) (9,9) (0,1) (4,0) (21,0) (0,19)
@ Find (5,0) (9,9) (0,1) (16,0) (21,0) (0,19)
@ Find (5,0) (9,9) (0,1) (4,0) (9,0) (0,19)
@ Find (1,0) (9,9) (0,1) (0,0) (0,0) (1024,19)
@ Find (1,0) (9,9) (5,1) (0,0) (0,0) (67602,19)
@ Find (1,0) (9,9) (5,1) (0,0) (0,0) (69649,19)
@ Find (1,0) (9,9) (5,1) (0,0) (0,0) (19,19)
@ Find (1,0) (9,9) (0,1) (0,0) (0,0) (18,19)
@ Find (1,0) (9,9) (0,1) (0,0) (0,0) (144,19)
@ Find (1,0) (9,9) (5,1) (0,0) (0,0) (17,19)
@ Find (1,0) (9,9) (5,1) (0,0) (0,0) (80,19)
@ Find (2,0) (9,9) (0,1) (5,0) (9,0) (0,19)
@ Find (3,0) (9,9) (0,1) (5,0) (9,0) (0,19)
@ Find (4,0) (9,9) (0,1) (5,0) (9,0) (0,19)
@ Find (2,0) (9,9) (0,1) (17,0) (9,0) (0,19)
@ Find (2,0) (9,9) (0,1) (5,0) (21,0) (0,19)
@ Find (5,0) (9,9) (0,1) (5,0) (21,0) (0,19)
@ Find (5,0) (9,9) (0,1) (17,0) (21,0) (0,19)
@ Find (5,0) (9,9) (0,1) (5,0) (9,0) (0,19)
@ Find (1,0) (9,9) (0,1) (0,0) (0,0) (1024,19)
@ Find (1,0) (9,9) (6,1) (0,0) (0,0) (67602,19)
@ Find (1,0) (9,9) (6,1) (0,0) (0,0) (69649,19)
@ Find (1,0) (9,9) (6,1) (0,0) (0,0) (19,19)
@ Find (1,0) (9,9) (0,1) (0,0) (0,0) (18,19)
@ Find (1,0) (9,9) (0,1) (0,0) (0,0) (144,19)
@ Find (1,0) (9,9) (6,1) (0,0) (0,0) (17,19)
@ Find (1,0) (9,9) (6,1) (0,0) (0,0) (80,19)
@ Find (2,0) (9,9) (0,1) (6,0) (9,0) (0,19)
@ Find (3,0) (9,9) (0,1) (6,0) (9,0) (0,19)
@ Find (4,0) (9,9) (0,1) (6,0) (9,0) (0,19)
@ Find (2,0) (9,9) (0,1) (18,0) (9,0) (0,19)
@ Find (2,0) (9,9) (0,1) (6,0) (21,0) (0,19)
@ Find (5,0) (9,9) (0,1) (6,0) (21,0) (0,19)
@ Find (5,0) (9,9) (0,1) (18,0) (21,0) (0,19)
@ Find (5,0) (9,9) (0,1) (6,0) (9,0) (0,19)
@ Find (1,0) (9,9) (0,1) (0,0) (0,0) (1024,19)
@ Find (1,0) (9,9) (7,1) (0,0) (0,0) (67602,19)
@ Find (1,0) (9,9) (7,1) (0,0) (0,0) (69649,19)
@ Find (1,0) (9,9) (7,1) (0,0) (0,0) (19,19)
@ Find (1,0) (9,9) (0,1) (0,0) (0,0) (18,19)
@ Find (1,0) (9,9) (0,1) (0,0) (0,0) (144,19)
@ Find (1,0) (9,9) (7,1) (0,0) (0,0) (17,19)
@ Find (1,0) (9,9) (7,1) (0,0) (0,0) (80,19)
@ Find (2,0) (9,9) (0,1) (7,0) (9,0) (0,19)
@ Find (3,0) (9,9) (0,1) (7,0) (9,0) (0,19)
@ Find (4,0) (9,9) (0,1) (7,0) (9,0) (0,19)
@ Find (2,0) (9,9) (0,1) (19,0) (9,0) (0,19)
@ Find (2,0) (9,9) (0,1) (7,0) (21,0) (0,19)
@ Find (5,0) (9,9) (0,1) (7,0) (21,0) (0,19)
@ Find (5,0) (9,9) (0,1) (19,0) (21,0) (0,19)
@ Find (5,0) (9,9) (0,1) (7,0) (9,0) (0,19)
@ Find (1,0) (9,9) (0,1) (0,0) (0,0) (1024,19)
@ Find (1,0) (9,9) (8,1) (0,0) (0,0) (67602,19)
@ Find (1,0) (9,9) (8,1) (0,0) (0,0) (69649,19)
@ Find (1,0) (9,9) (8,1) (0,0) (0,0) (19,19)
@ Find (1,0) (9,9) (0,1) (0,0) (0,0) (18,19)
@ Find (1,0) (9,9) (0,1) (0,0) (0,0) (144,19)
@ Find (1,0) (9,9) (8,1) (0,0) (0,0) (17,19)
@ Find (1,0) (9,9) (8,1) (0,0) (0,0) (80,19)
@ Find (2,0) (9,9) (0,1) (8,0) (9,0) (0,19)
@ Find (3,0) (9,9) (0,1) (8,0) (9,0) (0,19)
@ Find (4,0) (9,9) (0,1) (8,0) (9,0) (0,19)
@ Find (2,0) (9,9) (0,1) (20,0) (9,0) (0,19)
@ Find (2,0) (9,9) (0,1) (8,0) (21,0) (0,19)
@ Find (5,0) (9,9) (0,1) (8,0) (21,0) (0,19)
@ Find (5,0) (9,9) (0,1) (20,0) (21,0) (0,19)
@ Find (5,0) (9,9) (0,1) (8,0) (9,0) (0,19)
@ Find (1,0) (11,9) (0,1) (0,0) (0,0) (1024,19)
@ Find (1,0) (11,9) (11,1) (0,0) (0,0) (67602,19)
@ Find (1,0) (11,9) (11,1) (0,0) (0,0) (69649,19)
@ Find (1,0) (11,9) (11,1) (0,0) (0,0) (19,19)
@ Find (1,0) (11,9) (0,1) (0,0) (0,0) (18,19)
@ Find (1,0) (11,9) (0,1) (0,0) (0,0) (144,19)
@ Find (1,0) (11,9) (11,1) (0,0) (0,0) (17,19)
@ Find (1,0) (11,9) (11,1) (0,0) (0,0) (80,19)
@ Find (2,0) (11,9) (0,1) (11,0) (9,0) (0,19)
@ Find (3,0) (11,9) (0,1) (11,0) (9,0) (0,19)
@ Find (4,0) (11,9) (0,1) (11,0) (9,0) (0,19)
@ Find (2,0) (11,9) (0,1) (23,0) (9,0) (0,19)
@ Find (2,0) (11,9) (0,1) (11,0) (21,0) (0,19)
@ Find (5,0) (11,9) (0,1) (11,0) (21,0) (0,19)
@ Find (5,0) (11,9) (0,1) (23,0) (21,0) (0,19)
@ Find (5,0) (11,9) (0,1) (11,0) (9,0) (0,19)
@ Find (1,0) (9,9) (0,1) (0,0) (0,0) (1024,19)
@ Find (1,0) (9,9) (11,1) (0,0) (0,0) (67602,19)
@ Find (1,0) (9,9) (11,1) (0,0) (0,0) (69649,19)
@ Find (1,0) (9,9) (11,1) (0,0) (0,0) (19,19)
@ Find (1,0) (9,9) (0,1) (0,0) (0,0) (18,19)
@ Find (1,0) (9,9) (0,1) (0,0) (0,0) (144,19)
@ Find (1,0) (9,9) (11,1) (0,0) (0,0) (17,19)
@ Find (1,0) (9,9) (11,1) (0,0) (0,0) (80,19)
@ Find (2,0) (9,9) (0,1) (11,0) (9,0) (0,19)
@ Find (3,0) (9,9) (0,1) (11,0) (9,0) (0,19)
@ Find (4,0) (9,9) (0,1) (11,0) (9,0) (0,19)
@ Find (2,0) (9,9) (0,1) (23,0) (9,0) (0,19)
@ Find (2,0) (9,9) (0,1) (11,0) (21,0) (0,19)
@ Find (5,0) (9,9) (0,1) (11,0) (21,0) (0,19)
@ Find (5,0) (9,9) (0,1) (23,0) (21,0) (0,19)
@ Find (5,0) (9,9) (0,1) (11,0) (9,0) (0,19)
@ Find (1,0) (9,9) (0,1) (0,0) (0,0) (1024,19)
@ Find (1,0) (9,9) (11,1) (0,0) (0,0) (67602,19)
@ Find (1,0) (9,9) (11,1) (0,0) (0,0) (69649,19)
@ Find (1,0) (9,9) (11,1) (0,0) (0,0) (19,19)
@ Find (1,0) (9,9) (0,1) (0,0) (0,0) (18,19)
@ Find (1,0) (9,9) (0,1) (0,0) (0,0) (144,19)
@ Find (1,0) (9,9) (11,1) (0,0) (0,0) (17,19)
@ Find (1,0) (9,9) (11,1) (0,0) (0,0) (80,19)
@ Find (2,0) (9,9) (0,1) (11,0) (10,0) (0,19)
@ Find (3,0) (9,9) (0,1) (11,0) (10,0) (0,19)
@ Find (4,0) (9,9) (0,1) (11,0) (10,0) (0,19)
@ Find (2,0) (9,9) (0,1) (23,0) (10,0) (0,19)
@ Find (2,0) (9,9) (0,1) (11,0) (22,0) (0,19)
@ Find (5,0) (9,9) (0,1) (11,0) (22,0) (0,19)
@ Find (5,0) (9,9) (0,1) (23,0) (22,0) (0,19)
@ Find (5,0) (9,9) (0,1) (11,0) (10,0) (0,19)
@ Find (1,0) (10,9) (0,1) (0,0) (0,0) (1024,19)
@ Find (1,0) (10,9) (11,1) (0,0) (0,0) (67602,19)
@ Find (1,0) (10,9) (11,1) (0,0) (0,0) (69649,19)
@ Find (1,0) (10,9) (11,1) (0,0) (0,0) (19,19)
@ Find (1,0) (10,9) (0,1) (0,0) (0,0) (18,19)
@ Find (1,0) (10,9) (0,1) (0,0) (0,0) (144,19)
@ Find (1,0) (10,9) (11,1) (0,0) (0,0) (17,19)
@ Find (1,0) (10,9) (11,1) (0,0) (0,0) (80,19)
@ Find (2,0) (10,9) (0,1) (11,0) (9,0) (0,19)
@ Find (3,0) (10,9) (0,1) (11,0) (9,0) (0,19)
@ Find (4,0) (10,9) (0,1) (11,0) (9,0) (0,19)
@ Find (2,0) (10,9) (0,1) (23,0) (9,0) (0,19)
@ Find (2,0) (10,9) (0,1) (11,0) (21,0) (0,19)
@ Find (5,0) (10,9) (0,1) (11,0) (21,0) (0,19)
@ Find (5,0) (10,9) (0,1) (23,0) (21,0) (0,19)
@ Find (5,0) (10,9) (0,1) (11,0) (9,0) (0,19)
@ Find (1,0) (10,9) (0,1) (0,0) (0,0) (1024,19)
@ Find (1,0) (10,9) (11,1) (0,0) (0,0) (67602,19)
@ Find (1,0) (10,9) (11,1) (0,0) (0,0) (69649,19)
@ Find (1,0) (10,9) (11,1) (0,0) (0,0) (19,19)
@ Find (1,0) (10,9) (0,1) (0,0) (0,0) (18,19)
@ Find (1,0) (10,9) (0,1) (0,0) (0,0) (144,19)
@ Find (1,0) (10,9) (11,1) (0,0) (0,0) (17,19)
@ Find (1,0) (10,9) (11,1) (0,0) (0,0) (80,19)
@ Find (2,0) (10,9) (0,1) (11,0) (10,0) (0,19)
@ Find (3,0) (10,9) (0,1) (11,0) (10,0) (0,19)
@ Find (4,0) (10,9) (0,1) (11,0) (10,0) (0,19)
@ Find (2,0) (10,9) (0,1) (23,0) (10,0) (0,19)
@ Find (2,0) (10,9) (0,1) (11,0) (22,0) (0,19)
@ Find (5,0) (10,9) (0,1) (11,0) (22,0) (0,19)
@ Find (5,0) (10,9) (0,1) (23,0) (22,0) (0,19)
@ Find (5,0) (10,9) (0,1) (11,0) (10,0) (0,19)
@ Find (1,0) (11,9) (0,1) (0,0) (0,0) (1024,19)
@ Find (1,0) (11,9) (11,1) (0,0) (0,0) (67602,19)
@ Find (1,0) (11,9) (11,1) (0,0) (0,0) (69649,19)
@ Find (1,0) (11,9) (11,1) (0,0) (0,0) (19,19)
@ Find (1,0) (11,9) (0,1) (0,0) (0,0) (18,19)
@ Find (1,0) (11,9) (0,1) (0,0) (0,0) (144,19)
@ Find (1,0) (11,9) (11,1) (0,0) (0,0) (17,19)
@ Find (1,0) (11,9) (11,1) (0,0) (0,0) (80,19)
@ Find (2,0) (11,9) (0,1) (11,0) (10,0) (0,19)
@ Find (3,0) (11,9) (0,1) (11,0) (10,0) (0,19)
@ Find (4,0) (11,9) (0,1) (11,0) (10,0) (0,19)
@ Find (2,0) (11,9) (0,1) (23,0) (10,0) (0,19)
@ Find (2,0) (11,9) (0,1) (11,0) (22,0) (0,19)
@ Find (5,0) (11,9) (0,1) (11,0) (22,0) (0,19)
@ Find (5,0) (11,9) (0,1) (23,0) (22,0) (0,19)
@ Find (5,0) (11,9) (0,1) (11,0) (10,0) (0,19)
@ Find (1,0) (10,9) (1,1) (0,0) (0,0) (19,19)
@ Find (1,0) (10,9) (2,1) (0,0) (0,0) (19,19)
@ Find (1,0) (10,9) (3,1) (0,0) (0,0) (19,19)
@ Find (1,0) (10,9) (4,1) (0,0) (0,0) (19,19)
@ Find (1,0) (10,9) (5,1) (0,0) (0,0) (19,19)
@ Find (1,0) (10,9) (6,1) (0,0) (0,0) (19,19)
@ Find (1,0) (10,9) (7,1) (0,0) (0,0) (19,19)
@ Find (1,0) (10,9) (8,1) (0,0) (0,0) (19,19)
@ Find (1,0) (9,9) (1,1) (0,0) (0,0) (25,19)
@ Find (1,0) (9,9) (2,1) (0,0) (0,0) (25,19)
@ Find (1,0) (9,9) (3,1) (0,0) (0,0) (25,19)
@ Find (1,0) (9,9) (4,1) (0,0) (0,0) (25,19)
@ Find (1,0) (9,9) (5,1) (0,0) (0,0) (25,19)
@ Find (1,0) (9,9) (6,1) (0,0) (0,0) (25,19)
@ Find (1,0) (9,9) (7,1) (0,0) (0,0) (25,19)
@ Find (1,0) (9,9) (8,1) (0,0) (0,0) (25,19)
@ Find (1,0) (10,9) (1,1) (0,0) (0,0) (25,19)
@ Find (1,0) (10,9) (2,1) (0,0) (0,0) (25,19)
@ Find (1,0) (10,9) (3,1) (0,0) (0,0) (25,19)
@ Find (1,0) (10,9) (4,1) (0,0) (0,0) (25,19)
@ Find (1,0) (10,9) (5,1) (0,0) (0,0) (25,19)
@ Find (1,0) (10,9) (6,1) (0,0) (0,0) (25,19)
@ Find (1,0) (10,9) (7,1) (0,0) (0,0) (25,19)
@ Find (1,0) (10,9) (8,1) (0,0) (0,0) (25,19)
@ Find (1,0) (1,9) (1,1) (0,0) (0,0) (25,19)
@ Find (1,0) (2,9) (2,1) (0,0) (0,0) (25,19)
@ Find (1,0) (3,9) (3,1) (0,0) (0,0) (25,19)
@ Find (1,0) (4,9) (4,1) (0,0) (0,0) (25,19)
@ Find (1,0) (5,9) (5,1) (0,0) (0,0) (25,19)
@ Find (1,0) (6,9) (6,1) (0,0) (0,0) (25,19)
@ Find (1,0) (7,9) (7,1) (0,0) (0,0) (25,19)
@ Find (1,0) (8,9) (8,1) (0,0) (0,0) (25,19)
@ Find (1,0) (9,9) (1,1) (0,0) (0,0) (21,19)
@ Find (1,0) (9,9) (2,1) (0,0) (0,0) (21,19)
@ Find (1,0) (9,9) (3,1) (0,0) (0,0) (21,19)
@ Find (1,0) (9,9) (4,1) (0,0) (0,0) (21,19)
@ Find (1,0) (9,9) (5,1) (0,0) (0,0) (21,19)
@ Find (1,0) (9,9) (6,1) (0,0) (0,0) (21,19)
@ Find (1,0) (9,9) (7,1) (0,0) (0,0) (21,19)
@ Find (1,0) (9,9) (8,1) (0,0) (0,0) (21,19)
@ Find (1,0) (10,9) (1,1) (0,0) (0,0) (21,19)
@ Find (1,0) (10,9) (2,1) (0,0) (0,0) (21,19)
@ Find (1,0) (10,9) (3,1) (0,0) (0,0) (21,19)
@ Find (1,0) (10,9) (4,1) (0,0) (0,0) (21,19)
@ Find (1,0) (10,9) (5,1) (0,0) (0,0) (21,19)
@ Find (1,0) (10,9) (6,1) (0,0) (0,0) (21,19)
@ Find (1,0) (10,9) (7,1) (0,0) (0,0) (21,19)
@ Find (1,0) (10,9) (8,1) (0,0) (0,0) (21,19)
@ Find (1,0) (1,9) (0,1) (0,0) (0,0) (20,19)
@ Find (1,0) (2,9) (0,1) (0,0) (0,0) (20,19)
@ Find (1,0) (3,9) (0,1) (0,0) (0,0) (20,19)
@ Find (1,0) (4,9) (0,1) (0,0) (0,0) (20,19)
@ Find (1,0) (5,9) (0,1) (0,0) (0,0) (20,19)
@ Find (1,0) (6,9) (0,1) (0,0) (0,0) (20,19)
@ Find (1,0) (7,9) (0,1) (0,0) (0,0) (20,19)
@ Find (1,0) (8,9) (0,1) (0,0) (0,0) (20,19)
@ Find (1,0) (10,9) (9,1) (0,0) (0,0) (26,19)
@ Find (1,0) (11,9) (9,1) (0,0) (0,0) (26,19)
@ Find (1,0) (9,9) (10,1) (0,0) (0,0) (28,19)
@ Find (1,0) (10,9) (10,1) (0,0) (0,0) (28,19)
@ Find (1,0) (11,9) (0,1) (0,0) (0,0) (20,19)
@ Find (1,0) (1,9) (0,1) (0,0) (0,0) (8,19)
@ Find (1,0) (2,9) (0,1) (0,0) (0,0) (8,19)
@ Find (1,0) (3,9) (0,1) (0,0) (0,0) (8,19)
@ Find (1,0) (4,9) (0,1) (0,0) (0,0) (8,19)
@ Find (1,0) (5,9) (0,1) (0,0) (0,0) (8,19)
@ Find (1,0) (6,9) (0,1) (0,0) (0,0) (8,19)
@ Find (1,0) (7,9) (0,1) (0,0) (0,0) (8,19)
@ Find (1,0) (8,9) (0,1) (0,0) (0,0) (8,19)
@ Find (1,0) (11,9) (1,1) (0,0) (0,0) (1,19)
@ Find (1,0) (11,9) (2,1) (0,0) (0,0) (1,19)
@ Find (1,0) (11,9) (3,1) (0,0) (0,0) (1,19)
@ Find (1,0) (11,9) (4,1) (0,0) (0,0) (1,19)
@ Find (1,0) (11,9) (5,1) (0,0) (0,0) (1,19)
@ Find (1,0) (11,9) (6,1) (0,0) (0,0) (1,19)
@ Find (1,0) (11,9) (7,1) (0,0) (0,0) (1,19)
@ Find (1,0) (11,9) (8,1) (0,0) (0,0) (1,19)
@ Find (1,0) (1,9) (0,1) (0,0) (0,0) (4,19)
@ Find (1,0) (2,9) (0,1) (0,0) (0,0) (4,19)
@ Find (1,0) (3,9) (0,1) (0,0) (0,0) (4,19)
@ Find (1,0) (4,9) (0,1) (0,0) (0,0) (4,19)
@ Find (1,0) (5,9) (0,1) (0,0) (0,0) (4,19)
@ Find (1,0) (6,9) (0,1) (0,0) (0,0) (4,19)
@ Find (1,0) (7,9) (0,1) (0,0) (0,0) (4,19)
@ Find (1,0) (8,9) (0,1) (0,0) (0,0) (4,19)
@ Find (1,0) (9,9) (0,1) (0,0) (0,0) (8,19)
@ Find (1,0) (10,9) (0,1) (0,0) (0,0) (8,19)
@ Find (1,0) (11,9) (0,1) (0,0) (0,0) (8,19)
@ Find (9,0) (9,9) (0,1) (0,0) (0,0) (18,19)
@ Find (11,0) (9,9) (0,1) (0,0) (0,0) (18,19)
@ Find (11,0) (9,9) (0,1) (0,0) (0,0) (18,19)
@ Find (8,0) (9,9) (0,1) (0,0) (0,0) (18,19)
@ Find (10,0) (9,9) (0,1) (0,0) (0,0) (18,19)
@ Find (10,0) (9,9) (0,1) (0,0) (0,0) (18,19)
@ Find (7,0) (9,9) (0,1) (0,0) (0,0) (18,19)
@ Find (6,0) (9,9) (0,1) (0,0) (0,0) (18,19)
@ Find (15,0) (9,9) (0,1) (0,0) (0,0) (18,19)
@ Find (17,0) (9,9) (0,1) (0,0) (0,0) (18,19)
@ Find (17,0) (9,9) (0,1) (0,0) (0,0) (18,19)
@ Find (14,0) (9,9) (0,1) (0,0) (0,0) (18,19)
@ Find (16,0) (9,9) (0,1) (0,0) (0,0) (18,19)
@ Find (16,0) (9,9) (0,1) (0,0) (0,0) (18,19)
@ Find (13,0) (9,9) (0,1) (0,0) (0,0) (18,19)
@ Find (12,0) (9,9) (0,1) (0,0) (0,0) (18,19)
@ Find (16,0) (12,9) (0,1) (0,0) (0,0) (81938,19)
@ Find (16,0) (12,9) (0,1) (0,0) (0,0) (26,19)
@ Find (16,0) (12,9) (1,1) (0,0) (0,0) (67602,19)
@ Find (16,0) (12,9) (2,1) (0,0) (0,0) (67602,19)
@ Find (16,0) (12,9) (3,1) (0,0) (0,0) (67602,19)
@ Find (16,0) (12,9) (4,1) (0,0) (0,0) (67602,19)
@ Find (16,0) (12,9) (5,1) (0,0) (0,0) (67602,19)
@ Find (16,0) (12,9) (6,1) (0,0) (0,0) (67602,19)
@ Find (16,0) (12,9) (7,1) (0,0) (0,0) (67602,19)
@ Find (16,0) (12,9) (8,1) (0,0) (0,0) (67602,19)
@ Find (16,0) (12,9) (1,1) (0,0) (0,0) (19,19)
@ Find (16,0) (12,9) (2,1) (0,0) (0,0) (19,19)
@ Find (16,0) (12,9) (3,1) (0,0) (0,0) (19,19)
@ Find (16,0) (12,9) (4,1) (0,0) (0,0) (19,19)
@ Find (16,0) (12,9) (5,1) (0,0) (0,0) (19,19)
@ Find (16,0) (12,9) (6,1) (0,0) (0,0) (19,19)
@ Find (16,0) (12,9) (7,1) (0,0) (0,0) (19,19)
@ Find (16,0) (12,9) (8,1) (0,0) (0,0) (19,19)
@ Find (15,0) (12,9) (0,1) (0,0) (0,0) (81938,19)
@ Find (15,0) (12,9) (0,1) (0,0) (0,0) (26,19)
@ Find (15,0) (12,9) (1,1) (0,0) (0,0) (67602,19)
@ Find (15,0) (12,9) (2,1) (0,0) (0,0) (67602,19)
@ Find (15,0) (12,9) (3,1) (0,0) (0,0) (67602,19)
@ Find (15,0) (12,9) (4,1) (0,0) (0,0) (67602,19)
@ Find (15,0) (12,9) (5,1) (0,0) (0,0) (67602,19)
@ Find (15,0) (12,9) (6,1) (0,0) (0,0) (67602,19)
@ Find (15,0) (12,9) (7,1) (0,0) (0,0) (67602,19)
@ Find (15,0) (12,9) (8,1) (0,0) (0,0) (67602,19)
@ Find (15,0) (12,9) (1,1) (0,0) (0,0) (19,19)
@ Find (15,0) (12,9) (2,1) (0,0) (0,0) (19,19)
@ Find (15,0) (12,9) (3,1) (0,0) (0,0) (19,19)
@ Find (15,0) (12,9) (4,1) (0,0) (0,0) (19,19)
@ Find (15,0) (12,9) (5,1) (0,0) (0,0) (19,19)
@ Find (15,0) (12,9) (6,1) (0,0) (0,0) (19,19)
@ Find (15,0) (12,9) (7,1) (0,0) (0,0) (19,19)
@ Find (15,0) (12,9) (8,1) (0,0) (0,0) (19,19)
